wandb_version: 1

epsilon_finish:
  value: 0.018066700233268763
lr:
  value: 0.0005247664784903173
