wandb_version: 1

epsilon_finish:
  value: 0.0643155175206163
lr:
  value: 0.0009050754324373144
