wandb_version: 1

epsilon_finish:
  value: 0.01196909131272524
lr:
  value: 0.00016975912354690937
