wandb_version: 1

epsilon_finish:
  value: 0.046651080885799986
lr:
  value: 0.000931398887639625
